root22-206.txt
   [a   ,   b]  root
01;[1.5 , 2.2]2.041
02;[-1 , 0.0]-0.769
03;[0.1 , 0.47]0.270
04;[4 , 5.0]4.225
05;[0 , 0.53]0.141
06;[0 , 0.4]0.158
07;[19 , 19.97]19.040
08;[1 , 1.33]1.055
09;[3.5 , 4.72]4.017
10;[1.5 , 2.33]1.626
11;[-1 , -0.19]-0.432
12;[1 , 2.35]1.832
13;[5 , 6.28]5.742
14;[7 , 7.45]7.147
15;[5 , 5.41]5.112
16;[4 , 5.3]4.805
17;[-6 , -5.49]-5.968
18;[-3 , -1.79]-2.753
19;[0.1 , 0.89]0.201
20;[0 , 1.57]0.785
21;[1 , 1.51]1.228
22;[0.1 , 0.99]0.495
23;[0 , 0.52]0.101
24;[3 , 3.82]3.141
25;[5 , 7.56]6.773
26;[4 , 5.0]4.167
27;[2 , 2.39]2.216
28;[-6 , -5.49]-5.854
29;[0.1 , 1.32]0.666
30;[-5 , -4.1]-4.235
31;[1 , 3.45]1.673
32;[-2 , -1.6]-1.919
